0, 1
0, 127
0, 128
1, 0
1, 2
1, 129
1, 475
2, 1
2, 3
2, 130
3, 2
3, 4
3, 131
4, 3
4, 5
4, 132
5, 4
5, 6
5, 133
5, 412
5, 416
5, 468
6, 5
6, 7
6, 134
6, 458
7, 6
7, 8
7, 135
7, 464
7, 506
8, 7
8, 9
8, 136
8, 450
8, 484
9, 8
9, 10
9, 137
10, 9
10, 11
10, 138
10, 452
11, 10
11, 12
11, 139
11, 420
11, 504
12, 11
12, 13
12, 140
13, 12
13, 14
13, 141
13, 392
14, 13
14, 15
14, 142
14, 396
15, 14
15, 16
15, 143
15, 416
16, 15
16, 17
16, 144
17, 16
17, 18
17, 145
17, 396
17, 426
18, 17
18, 19
18, 146
19, 18
19, 20
19, 147
20, 19
20, 21
20, 148
20, 470
21, 20
21, 22
21, 149
22, 21
22, 23
22, 150
23, 22
23, 24
23, 151
24, 23
24, 25
24, 152
24, 455
25, 24
25, 26
25, 153
26, 25
26, 27
26, 154
26, 408
26, 434
27, 26
27, 28
27, 155
27, 430
27, 436
28, 27
28, 29
28, 156
28, 462
29, 28
29, 30
29, 157
30, 29
30, 31
30, 158
31, 30
31, 32
31, 159
31, 420
32, 31
32, 33
32, 160
32, 464
32, 468
33, 32
33, 34
33, 161
33, 443
34, 33
34, 35
34, 162
34, 432
34, 502
35, 34
35, 36
35, 163
35, 464
35, 478
36, 35
36, 37
36, 164
36, 426
37, 36
37, 38
37, 165
37, 484
38, 37
38, 39
38, 166
39, 38
39, 40
39, 167
40, 39
40, 41
40, 168
41, 40
41, 42
41, 169
41, 436
41, 451
42, 41
42, 43
42, 170
42, 405
43, 42
43, 44
43, 171
43, 444
44, 43
44, 45
44, 172
45, 44
45, 46
45, 173
45, 456
45, 460
46, 45
46, 47
46, 174
47, 46
47, 48
47, 175
48, 47
48, 49
48, 176
48, 462
49, 48
49, 50
49, 177
49, 392
49, 480
50, 49
50, 51
50, 178
50, 407
50, 440
50, 462
50, 480
51, 50
51, 52
51, 179
51, 390
51, 431
51, 459
51, 468
52, 51
52, 53
52, 180
52, 440
52, 472
52, 508
53, 52
53, 54
53, 181
54, 53
54, 55
54, 182
55, 54
55, 56
55, 183
56, 55
56, 57
56, 184
56, 404
57, 56
57, 58
57, 185
58, 57
58, 59
58, 186
58, 419
58, 504
59, 58
59, 60
59, 187
59, 406
59, 430
60, 59
60, 61
60, 188
61, 60
61, 62
61, 189
61, 440
62, 61
62, 63
62, 190
62, 400
62, 468
63, 62
63, 64
63, 191
64, 63
64, 65
64, 192
65, 64
65, 66
65, 193
65, 398
65, 400
66, 65
66, 67
66, 194
67, 66
67, 68
67, 195
68, 67
68, 69
68, 196
68, 456
68, 481
68, 494
69, 68
69, 70
69, 197
70, 69
70, 71
70, 198
71, 70
71, 72
71, 199
71, 420
71, 432
71, 462
72, 71
72, 73
72, 200
72, 432
73, 72
73, 74
73, 201
74, 73
74, 75
74, 202
74, 384
74, 462
75, 74
75, 76
75, 203
76, 75
76, 77
76, 204
77, 76
77, 78
77, 205
77, 440
78, 77
78, 79
78, 206
78, 450
79, 78
79, 80
79, 207
80, 79
80, 81
80, 208
80, 470
81, 80
81, 82
81, 209
81, 384
81, 496
82, 81
82, 83
82, 210
83, 82
83, 84
83, 211
84, 83
84, 85
84, 212
84, 388
84, 396
84, 452
84, 488
85, 84
85, 86
85, 213
85, 444
86, 85
86, 87
86, 214
87, 86
87, 88
87, 215
87, 496
88, 87
88, 89
88, 216
88, 392
88, 395
89, 88
89, 90
89, 217
90, 89
90, 91
90, 218
90, 423
90, 492
91, 90
91, 92
91, 219
91, 456
92, 91
92, 93
92, 220
92, 404
92, 408
93, 92
93, 94
93, 221
94, 93
94, 95
94, 222
94, 396
94, 472
94, 486
95, 94
95, 96
95, 223
95, 440
96, 95
96, 97
96, 224
97, 96
97, 98
97, 225
97, 414
97, 504
98, 97
98, 99
98, 226
98, 492
98, 504
99, 98
99, 100
99, 227
99, 390
99, 504
99, 510
100, 99
100, 101
100, 228
100, 426
101, 100
101, 102
101, 229
101, 492
102, 101
102, 103
102, 230
102, 504
103, 102
103, 104
103, 231
103, 468
104, 103
104, 105
104, 232
105, 104
105, 106
105, 233
105, 384
105, 480
106, 105
106, 107
106, 234
107, 106
107, 108
107, 235
108, 107
108, 109
108, 236
108, 442
109, 108
109, 110
109, 237
110, 109
110, 111
110, 238
111, 110
111, 112
111, 239
112, 111
112, 113
112, 240
112, 400
112, 444
112, 450
112, 492
113, 112
113, 114
113, 241
114, 113
114, 115
114, 242
115, 114
115, 116
115, 243
115, 384
116, 115
116, 117
116, 244
116, 398
117, 116
117, 118
117, 245
117, 492
118, 117
118, 119
118, 246
119, 118
119, 120
119, 247
119, 440
120, 119
120, 121
120, 248
120, 476
121, 120
121, 122
121, 249
121, 440
122, 121
122, 123
122, 250
123, 122
123, 124
123, 251
123, 420
124, 123
124, 125
124, 252
124, 386
124, 494
124, 501
125, 124
125, 126
125, 253
125, 432
126, 125
126, 127
126, 254
126, 402
127, 0
127, 126
127, 255
127, 460
128, 0
128, 256
128, 493
128, 498
129, 1
130, 2
130, 257
130, 490
131, 3
132, 4
132, 258
133, 5
133, 464
133, 488
133, 500
134, 6
134, 259
134, 442
135, 7
135, 400
135, 492
136, 8
136, 260
137, 9
137, 414
137, 496
137, 510
138, 10
138, 261
138, 492
139, 11
140, 12
140, 262
141, 13
142, 14
142, 263
143, 15
144, 16
144, 264
144, 480
145, 17
146, 18
146, 265
147, 19
148, 20
148, 266
148, 448
148, 480
149, 21
149, 416
149, 498
150, 22
150, 267
151, 23
151, 402
152, 24
152, 268
152, 439
153, 25
153, 416
153, 469
154, 26
154, 269
154, 452
155, 27
155, 396
155, 456
155, 482
156, 28
156, 270
157, 29
158, 30
158, 271
158, 426
158, 448
159, 31
160, 32
160, 272
161, 33
161, 400
161, 418
162, 34
162, 273
162, 444
163, 35
163, 392
163, 460
164, 36
164, 274
164, 436
165, 37
166, 38
166, 275
167, 39
168, 40
168, 276
168, 416
168, 420
169, 41
170, 42
170, 277
170, 410
170, 428
171, 43
172, 44
172, 278
172, 442
172, 456
173, 45
174, 46
174, 279
175, 47
175, 408
175, 430
176, 48
176, 280
176, 406
177, 49
178, 50
178, 281
178, 396
178, 464
178, 487
179, 51
179, 416
179, 448
180, 52
180, 282
180, 396
180, 504
181, 53
182, 54
182, 283
183, 55
184, 56
184, 284
184, 506
185, 57
185, 467
186, 58
186, 285
186, 384
186, 432
186, 468
187, 59
187, 416
187, 502
188, 60
188, 286
188, 453
188, 476
188, 483
189, 61
189, 420
190, 62
190, 287
191, 63
192, 64
192, 288
193, 65
194, 66
194, 289
194, 387
195, 67
195, 468
196, 68
196, 290
196, 458
197, 69
197, 424
198, 70
198, 291
198, 396
199, 71
199, 510
200, 72
200, 292
201, 73
201, 390
202, 74
202, 293
202, 438
203, 75
203, 420
204, 76
204, 294
205, 77
205, 384
205, 396
205, 460
206, 78
206, 295
207, 79
207, 484
208, 80
208, 296
208, 488
209, 81
210, 82
210, 297
210, 486
211, 83
212, 84
212, 298
212, 396
212, 460
212, 490
212, 510
213, 85
214, 86
214, 299
215, 87
216, 88
216, 300
217, 89
217, 468
218, 90
218, 301
219, 91
220, 92
220, 302
220, 402
221, 93
222, 94
222, 303
222, 462
222, 494
223, 95
224, 96
224, 304
224, 440
225, 97
225, 400
225, 433
226, 98
226, 305
226, 448
227, 99
227, 432
227, 470
228, 100
228, 306
228, 511
229, 101
229, 420
230, 102
230, 307
230, 477
231, 103
232, 104
232, 308
232, 489
233, 105
233, 396
233, 418
234, 106
234, 309
235, 107
236, 108
236, 310
236, 384
236, 406
236, 498
237, 109
238, 110
238, 311
238, 482
239, 111
239, 509
240, 112
240, 312
240, 448
241, 113
241, 416
241, 468
241, 500
242, 114
242, 313
243, 115
244, 116
244, 314
245, 117
246, 118
246, 315
246, 463
246, 474
247, 119
248, 120
248, 316
248, 435
248, 436
249, 121
250, 122
250, 317
250, 409
250, 476
251, 123
251, 384
251, 406
251, 408
251, 480
252, 124
252, 318
252, 503
253, 125
253, 450
254, 126
254, 319
254, 408
255, 127
255, 384
256, 128
256, 320
256, 418
257, 130
257, 401
258, 132
258, 321
258, 408
259, 134
260, 136
260, 322
260, 446
260, 464
261, 138
261, 394
261, 442
261, 474
262, 140
262, 323
263, 142
264, 144
264, 324
265, 146
265, 427
265, 456
266, 148
266, 325
267, 150
267, 432
267, 466
268, 152
268, 326
268, 500
269, 154
270, 156
270, 327
270, 454
271, 158
272, 160
272, 328
272, 430
272, 473
273, 162
273, 508
274, 164
274, 329
275, 166
275, 437
276, 168
276, 330
276, 422
277, 170
277, 432
277, 448
278, 172
278, 331
278, 504
279, 174
279, 394
279, 498
280, 176
280, 332
280, 408
281, 178
281, 432
282, 180
282, 333
282, 444
282, 479
283, 182
283, 388
284, 184
284, 334
284, 420
284, 434
285, 186
286, 188
286, 335
286, 420
287, 190
287, 506
288, 192
288, 336
289, 194
289, 399
290, 196
290, 337
291, 198
291, 420
291, 434
292, 200
292, 338
293, 202
293, 392
293, 480
294, 204
294, 339
295, 206
295, 504
296, 208
296, 340
297, 210
297, 384
297, 410
297, 494
298, 212
298, 341
299, 214
300, 216
300, 342
301, 218
301, 508
302, 220
302, 343
302, 390
303, 222
303, 504
304, 224
304, 344
305, 226
306, 228
306, 345
306, 392
306, 448
307, 230
308, 232
308, 346
309, 234
309, 488
309, 510
310, 236
310, 347
310, 448
311, 238
312, 240
312, 348
312, 440
313, 242
314, 244
314, 349
314, 410
314, 480
315, 246
315, 424
315, 446
316, 248
316, 350
316, 408
316, 412
317, 250
317, 400
318, 252
318, 351
319, 254
319, 492
320, 256
320, 352
321, 258
322, 260
322, 353
322, 456
323, 262
323, 408
324, 264
324, 354
324, 476
325, 266
326, 268
326, 355
326, 386
327, 270
328, 272
328, 356
328, 420
328, 452
328, 480
329, 274
329, 449
329, 476
330, 276
330, 357
331, 278
331, 424
332, 280
332, 358
332, 456
332, 480
333, 282
334, 284
334, 359
334, 438
334, 440
334, 496
335, 286
335, 448
335, 510
336, 288
336, 360
336, 432
337, 290
337, 480
338, 292
338, 361
339, 294
339, 480
339, 486
340, 296
340, 362
340, 408
341, 298
342, 300
342, 363
343, 302
343, 480
344, 304
344, 364
345, 306
345, 496
346, 308
346, 365
346, 390
346, 392
347, 310
348, 312
348, 366
348, 415
348, 432
348, 447
349, 314
349, 393
350, 316
350, 367
350, 424
351, 318
352, 320
352, 368
352, 486
353, 322
354, 324
354, 369
355, 326
355, 424
356, 328
356, 370
356, 420
356, 490
357, 330
358, 332
358, 371
358, 392
358, 490
358, 500
359, 334
359, 384
359, 400
360, 336
360, 372
361, 338
361, 476
361, 504
362, 340
362, 373
362, 480
363, 342
363, 403
364, 344
364, 374
364, 464
365, 346
365, 507
366, 348
366, 375
367, 350
367, 432
368, 352
368, 376
368, 425
369, 354
370, 356
370, 377
371, 358
371, 422
371, 445
372, 360
372, 378
373, 362
373, 414
374, 364
374, 379
374, 390
374, 461
375, 366
376, 368
376, 380
377, 370
377, 424
378, 372
378, 381
379, 374
380, 376
380, 382
380, 412
380, 500
381, 378
382, 380
382, 383
382, 480
383, 382
383, 434
384, 74
384, 81
384, 105
384, 115
384, 186
384, 205
384, 236
384, 251
384, 255
384, 297
384, 359
384, 427
384, 454
384, 498
385, 483
386, 124
386, 326
386, 397
386, 450
387, 194
387, 504
388, 84
388, 283
388, 460
388, 480
388, 488
388, 504
389, 487
390, 51
390, 99
390, 201
390, 302
390, 346
390, 374
390, 397
390, 415
390, 468
390, 497
391, 410
392, 13
392, 49
392, 88
392, 163
392, 293
392, 306
392, 346
392, 358
392, 439
393, 349
394, 261
394, 279
394, 450
395, 88
396, 14
396, 17
396, 84
396, 94
396, 155
396, 178
396, 180
396, 198
396, 205
396, 212
396, 233
396, 427
396, 500
397, 386
397, 390
397, 508
398, 65
398, 116
398, 456
399, 289
399, 404
400, 62
400, 65
400, 112
400, 135
400, 161
400, 225
400, 317
400, 359
400, 476
400, 489
400, 508
401, 257
402, 126
402, 151
402, 220
402, 490
403, 363
403, 505
404, 56
404, 92
404, 399
404, 406
404, 413
404, 474
405, 42
406, 59
406, 176
406, 236
406, 251
406, 404
407, 50
408, 26
408, 92
408, 175
408, 251
408, 254
408, 258
408, 280
408, 316
408, 323
408, 340
408, 475
408, 490
408, 492
409, 250
409, 480
410, 170
410, 297
410, 314
410, 391
410, 507
411, 432
411, 465
412, 5
412, 316
412, 380
412, 486
413, 404
414, 97
414, 137
414, 373
414, 446
414, 472
414, 505
415, 348
415, 390
416, 5
416, 15
416, 149
416, 153
416, 168
416, 179
416, 187
416, 241
416, 433
416, 472
416, 491
417, 495
418, 161
418, 233
418, 256
418, 503
419, 58
419, 470
420, 11
420, 31
420, 71
420, 123
420, 168
420, 189
420, 203
420, 229
420, 284
420, 286
420, 291
420, 328
420, 356
420, 458
420, 464
421, 453
421, 495
422, 276
422, 371
423, 90
424, 197
424, 315
424, 331
424, 350
424, 355
424, 377
424, 456
424, 474
424, 491
425, 368
425, 450
426, 17
426, 36
426, 100
426, 158
426, 444
426, 486
427, 265
427, 384
427, 396
428, 170
428, 468
428, 476
428, 496
428, 506
429, 460
429, 496
429, 498
430, 27
430, 59
430, 175
430, 272
431, 51
431, 448
431, 460
431, 504
432, 34
432, 71
432, 72
432, 125
432, 186
432, 227
432, 267
432, 277
432, 281
432, 336
432, 348
432, 367
432, 411
432, 443
432, 461
432, 501
433, 225
433, 416
434, 26
434, 284
434, 291
434, 383
434, 450
435, 248
435, 480
436, 27
436, 41
436, 164
436, 248
436, 476
437, 275
437, 438
437, 444
438, 202
438, 334
438, 437
438, 488
438, 510
439, 152
439, 392
439, 468
440, 50
440, 52
440, 61
440, 77
440, 95
440, 119
440, 121
440, 224
440, 312
440, 334
440, 444
440, 506
441, 459
442, 108
442, 134
442, 172
442, 261
443, 33
443, 432
444, 43
444, 85
444, 112
444, 162
444, 282
444, 426
444, 437
444, 440
444, 446
444, 504
445, 371
446, 260
446, 315
446, 414
446, 444
446, 476
447, 348
448, 148
448, 158
448, 179
448, 226
448, 240
448, 277
448, 306
448, 310
448, 335
448, 431
448, 467
448, 484
448, 500
449, 329
449, 510
450, 8
450, 78
450, 112
450, 253
450, 386
450, 394
450, 425
450, 434
450, 468
451, 41
452, 10
452, 84
452, 154
452, 328
452, 462
453, 188
453, 421
454, 270
454, 384
454, 469
455, 24
456, 45
456, 68
456, 91
456, 155
456, 172
456, 265
456, 322
456, 332
456, 398
456, 424
456, 471
456, 499
457, 485
458, 6
458, 196
458, 420
459, 51
459, 441
460, 45
460, 127
460, 163
460, 205
460, 212
460, 388
460, 429
460, 431
461, 374
461, 432
462, 28
462, 48
462, 50
462, 71
462, 74
462, 222
462, 452
462, 492
463, 246
464, 7
464, 32
464, 35
464, 133
464, 178
464, 260
464, 364
464, 420
464, 478
464, 507
465, 411
465, 500
466, 267
466, 492
467, 185
467, 448
467, 471
467, 496
468, 5
468, 32
468, 51
468, 62
468, 103
468, 186
468, 195
468, 217
468, 241
468, 390
468, 428
468, 439
468, 450
468, 492
469, 153
469, 454
470, 20
470, 80
470, 227
470, 419
471, 456
471, 467
472, 52
472, 94
472, 414
472, 416
472, 473
472, 488
472, 498
472, 503
473, 272
473, 472
473, 490
474, 246
474, 261
474, 404
474, 424
474, 480
474, 504
475, 1
475, 408
476, 120
476, 188
476, 250
476, 324
476, 329
476, 361
476, 400
476, 428
476, 436
476, 446
477, 230
478, 35
478, 464
479, 282
480, 49
480, 50
480, 105
480, 144
480, 148
480, 251
480, 293
480, 314
480, 328
480, 332
480, 337
480, 339
480, 343
480, 362
480, 382
480, 388
480, 409
480, 435
480, 474
481, 68
482, 155
482, 238
482, 486
483, 188
483, 385
484, 8
484, 37
484, 207
484, 448
484, 485
484, 489
484, 499
484, 501
484, 504
485, 457
485, 484
485, 489
486, 94
486, 210
486, 339
486, 352
486, 412
486, 426
486, 482
487, 178
487, 389
488, 84
488, 133
488, 208
488, 309
488, 388
488, 438
488, 472
488, 506
489, 232
489, 400
489, 484
489, 485
490, 130
490, 212
490, 356
490, 358
490, 402
490, 408
490, 473
491, 416
491, 424
492, 90
492, 98
492, 101
492, 112
492, 117
492, 135
492, 138
492, 319
492, 408
492, 462
492, 466
492, 468
493, 128
494, 68
494, 124
494, 222
494, 297
495, 417
495, 421
496, 81
496, 87
496, 137
496, 334
496, 345
496, 428
496, 429
496, 467
497, 390
497, 500
498, 128
498, 149
498, 236
498, 279
498, 384
498, 429
498, 472
499, 456
499, 484
500, 133
500, 241
500, 268
500, 358
500, 380
500, 396
500, 448
500, 465
500, 497
501, 124
501, 432
501, 484
502, 34
502, 187
503, 252
503, 418
503, 472
504, 11
504, 58
504, 97
504, 98
504, 99
504, 102
504, 180
504, 278
504, 295
504, 303
504, 361
504, 387
504, 388
504, 431
504, 444
504, 474
504, 484
504, 511
505, 403
505, 414
506, 7
506, 184
506, 287
506, 428
506, 440
506, 488
507, 365
507, 410
507, 464
508, 52
508, 273
508, 301
508, 397
508, 400
509, 239
510, 99
510, 137
510, 199
510, 212
510, 309
510, 335
510, 438
510, 449
511, 228
511, 504
